camera_name: left
frame_id: /head_color_camera_l_link
image_width: 1360
image_height: 1024
camera_matrix:
  rows: 3
  cols: 3
  data: [1432.9370406145788, 0.0, 678.0443481538724, 0.0, 1433.6604877137404, 517.7676310250156, 0.0, 0.0, 1.0]
distortion_model: plumb_bob
distortion_coefficients:
  rows: 1
  cols: 5
  data: [-0.259897067124572, 0.24121981236359286, -0.00011756519722748854, -3.0701334632385444e-05, -0.08143053687726734]
rectification_matrix:
  rows: 3
  cols: 3
  data: [0.9999827935188242, 0.005492023413943873, -0.002061636512394361, -0.005487133890417063, 0.9999821373504423, 0.0023698822143536566, 0.0020746151347133543, -0.0023585289614430397, 0.9999950666444215]
projection_matrix:
  rows: 3
  cols: 4
  data: [1433.1759422753096, 0.0, 683.2814102172852, 0.0, 0.0, 1433.1759422753096, 526.7587623596191, 0.0, 0.0, 0.0, 1.0, 0.0]
