camera_name: right
frame_id: /head_color_camera_l_link
image_width: 1360
image_height: 1024
camera_matrix:
  rows: 3
  cols: 3
  data: [1436.0139168657242, 0.0, 701.6936486035888, 0.0, 1436.3769458364393, 535.9437933911785, 0.0, 0.0, 1.0]
distortion_model: plumb_bob
distortion_coefficients:
  rows: 1
  cols: 5
  data: [-0.25312766505639256, 0.1834658100389785, -0.00019540028702923562, 4.8876842288577546e-05, 0.05406654126951622]
rectification_matrix:
  rows: 3
  cols: 3
  data: [0.9999325972588095, -0.005392571820930326, 0.010282077047350992, 0.005416866207680834, 0.9999825992315554, -0.0023364063410905396, -0.010269298892311943, 0.0023919454966012076, 0.9999444085032936]
projection_matrix:
  rows: 3
  cols: 4
  data: [1433.1759422753096, 0.0, 683.2814102172852, -172.71669321462988, 0.0, 1433.1759422753096, 526.7587623596191, 0.0, 0.0, 0.0, 1.0, 0.0]
